299990
299964
299946
299928
299911
299899
299876
299869
299850
299836
299819
299815
299798
299778
299757
299746
299717
299688
299665
299644
299623
299621
299607
299598
299570
299569
299553
299532
299515
299512
299484
299459
299442
299432
299429
299401
299390
299366
299341
299322
299293
299286
299264
299245
299217
299197
299185
299167
299152
299152
299140
299130
299127
299120
299093
299070
299050
299032
299024
299014
299006
298987
298983
298979
298966
298966
298944
298923
298922
298900
298898
298892
298871
298868
298853
298832
298809
298791
298788
298778
298767
298762
298741
298725
298711
298703
298682
298659
298655
298636
298622
298613
298586
298565
298555
298538
298511
298492
298478
298477
298461
298449
298436
298434
298430
298404
298380
298355
298344
298330
298306
298301
298284
298270
298264
298257
298238
298237
298218
298207
298202
298182
298180
298152
298149
298126
298101
298095
298095
298075
298064
298048
298039
298039
298023
298012
297990
297961
297938
297925
297906
297883
297855
297840
297812
297791
297780
297754
297741
297731
297726
297723
297699
297677
297657
297636
297636
297618
297593
297570
297549
297548
297540
297529
297512
297489
297475
297450
297437
297427
297405
297389
297377
297365
297352
297336
297313
297293
297275
297252
297231
297209
297189
297186
297160
297152
297150
297121
297100
297096
297095
297076
297074
297062
297057
297056
297033
297017
296992
296987
296960
296956
296949
296921
296918
296892
296888
296867
296862
296856
296854
296827
296803
296796
296790
296762
296756
296733
296725
296707
296682
296661
296644
296624
296616
296587
296563
296539
296511
296482
296472
296457
296450
296428
296428
296399
296397
296390
296373
296372
296359
296342
296335
296329
296312
296303
296286
296275
296256
296245
296223
296207
296184
296183
296175
296160
296141
296127
296109
296081
296065
296060
296033
296024
295998
295998
295985
295979
295966
295953
295939
295921
295901
295874
295862
295856
295837
295831
295818
295816
295794
295778
295768
295740
295734
295713
295687
295683
295654
295635
295618
295610
295594
295565
295545
295523
295496
295495
295483
295472
295445
295427
295412
295412
295383
295356
295348
295336
295325
295300
295292
295267
295262
295251
295223
295214
295207
295197
295186
295179
295164
295142
295117
295103
295082
295055
295026
295013
294996
294993
294986
294969
294965
294943
294919
294894
294872
294854
294841
294813
294801
294796
294792
294773
294752
294729
294712
294707
294682
294654
294635
294616
294598
294597
294595
294583
294559
294535
294511
294507
294491
294466
294453
294433
294418
294411
294406
294390
294390
294362
294353
294328
294324
294316
294289
294261
294252
294244
294217
294191
294172
294153
294150
294124
294109
294107
294107
294098
294080
294053
294033
294018
294006
294002
293982
293980
293951
293949
293937
293912
293899
293879
293854
293827
293807
293789
293782
293768
293754
293731
293726
293697
293687
293666
293645
293643
293626
293607
293607
293580
293562
293542
293537
293526
293512
293494
293468
293456
293443
293441
293435
293407
293394
293368
293360
293354
293325
293310
293297
293289
293268
293261
293239
293211
293185
293182
293182
293172
293154
293128
293124
293102
293091
293065
293059
293059
293055
293051
293026
293026
293000
292980
292967
292947
292922
292897
292873
292864
292860
292844
292821
292815
292814
292800
292774
292755
292735
292718
292705
292693
292681
292664
292645
292620
292607
292596
292595
292579
292576
292547
292520
292505
292492
292482
292459
292456
292454
292438
292414
292386
292374
292345
292333
292323
292316
292309
292290
292280
292259
292250
292246
292218
292192
292167
292144
292140
292115
292087
292080
292055
292053
292024
292024
292021
292002
291985
291973
291949
291933
291904
291880
291851
291825
291799
291788
291777
291774
291759
291745
291723
291711
291703
291676
291661
291645
291618
291605
291577
291565
291539
291519
291495
291479
291460
291442
291426
291406
291385
291365
291351
291348
291323
291321
291316
291315
291307
291289
291260
291242
291230
291223
291209
291193
291190
291166
291164
291147
291145
291116
291115
291088
291085
291077
291049
291035
291035
291033
291018
291011
291004
290999
290981
290981
290964
290962
290938
290913
290896
290887
290876
290857
290850
290849
290847
290839
290819
290796
290771
290771
290771
290758
290749
290736
290730
290712
290705
290702
290688
290682
290656
290631
290625
290614
290604
290585
290567
290547
290519
290498
290480
290469
290450
290431
290422
290408
290394
290375
290349
290326
290316
290316
290309
290291
290266
290241
290226
290198
290183
290155
290145
290137
290124
290103
290103
290095
290067
290054
290046
290024
289998
289981
289975
289959
289936
289935
289927
289898
289882
289871
289864
289839
289822
289802
289790
289772
289753
289725
289708
289679
289677
289662
289642
289620
289594
289592
289564
289549
289547
289531
289510
289485
289462
289433
289408
289405
289385
289369
289355
289341
289326
289313
289293
289290
289270
289264
289250
289240
289237
289227
289222
289217
289202
289195
289172
289150
289150
289129
289105
289079
289079
289071
289063
289044
289019
288995
288969
288969
288955
288938
288914
288911
288900
288896
288892
288876
288865
288846
288839
288819
288803
288799
288797
288778
288776
288769
288765
288761
288735
288724
288719
288699
288679
288650
288642
288617
288617
288606
288578
288572
288569
288566
288551
288545
288525
288504
288491
288473
288457
288443
288437
288426
288413
288401
288373
288368
288357
288351
288344
288330
288318
288308
288300
288294
288288
288261
288240
288214
288190
288165
288161
288140
288118
288107
288079
288055
288034
288029
288005
287986
287981
287973
287963
287952
287946
287929
287928
287905
287901
287886
287869
287847
287833
287822
287805
287797
287795
287794
287774
287768
287753
287752
287744
287741
287712
287701
287694
287693
287682
287673
287659
287650
287644
287637
287614
287610
287583
287568
287543
287516
287501
287484
287484
287465
287441
287427
287418
287414
287404
287386
287376
287355
287328
287301
287275
287257
287249
287249
287233
287207
287183
287163
287138
287128
287099
287074
287058
287044
287044
287035
287023
287010
286981
286964
286955
286940
286931
286931
286904
286881
286880
286863
286856
286849
286843
286843
286828
286807
286799
286796
286767
286747
286733
286732
286704
286682
286677
286663
286635
286612
286585
286581
286553
286553
286534
286528
286505
286492
286474
286467
286452
286438
286410
286410
286394
286378
286355
286346
286342
286322
286306
286289
286289
286276
286274
286245
286229
286209
286208
286208
286189
286175
286156
286136
286128
286118
286106
286087
286077
286063
286050
286043
286027
286022
286016
285992
285972
285967
285966
285956
285940
285936
285926
285903
285880
285851
285831
285829
285818
285818
285807
285807
285793
285770
285765
285757
285748
285728
285714
285688
285679
285663
285649
285649
285647
285622
285599
285589
285574
285554
285539
285518
285493
285467
285459
285441
285433
285407
285391
285366
285352
285351
285338
285321
285297
285288
285283
285265
285257
285243
285234
285218
285217
285214
285205
285176
285176
285176
285159
285136
285107
285098
285069
285058
285035
285011
284992
284979
284950
284924
284900
284873
284860
284850
284832
284831
284828
284814
284809
284790
284767
284764
284759
284747
284747
284725
284714
284702
284677
284677
284660
284646
284627
284606
284578
284549
284541
284516
284487
284487
284469
284440
284431
284414
284411
284396
284388
284359
284352
284337
284318
284295
284287
284262
284237
284218
284215
284209
284189
284178
284165
284164
284161
284148
284122
284112
284086
284079
284053
284033
284031
284005
284000
283985
283977
283971
283964
283962
283937
283916
283903
283891
283879
283866
283856
283856
283836
283820
283799
283782
283754
283738
283715
283690
283677
283656
283643
283643
283634
283611
283588
283574
283572
283557
283557
283552
283541
283530
283513
283505
283504
283491
283463
283438
283437
283419
283407
283384
283382
283373
283369
283347
283341
283313
283287
283265
283259
283235
283230
283225
283225
283221
283212
283196
283194
283169
283166
283147
283119
283090
283086
283080
283055
283026
283013
283000
282978
282965
282960
282952
282947
282942
282942
282939
282921
282892
282880
282853
282830
282827
282827
282809
282798
282792
282778
282754
282745
282744
282721
282714
282701
282675
282664
282662
282638
282610
282591
282569
282542
282521
282511
282493
282464
282446
282420
282412
282399
282376
282349
282335
282331
282305
282305
282292
282270
282262
282244
282239
282231
282207
282186
282177
282162
282135
282129
282126
282126
282098
282086
282063
282055
282029
282014
282011
281984
281955
281932
281903
281888
281874
281859
281859
281838
281824
281814
281790
281765
281736
281730
281717
281713
281687
281683
281666
281652
281645
281636
281625
281622
281602
281596
281582
281566
281563
281561
281561
281537
281531
281503
281489
281471
281466
281456
281452
281450
281422
281415
281399
281390
281364
281363
281351
281349
281338
281310
281303
281287
281280
281277
281277
281248
281240
281230
281206
281195
281175
281147
281134
281112
281094
281090
281063
281038
281016
281006
280984
280955
280935
280934
280925
280918
280900
280884
280862
280851
280833
280808
280779
280753
280743
280738
280732
280709
280698
280677
280654
280633
280622
280596
280586
280569
280563
280540
280528
280508
280496
280471
280461
280438
280418
280403
280384
280359
280334
280329
280324
280320
280305
280277
280259
280238
280219
280207
280200
280176
280164
280163
280148
280147
280122
280108
280101
280080
280079
280054
280052
280038
280037
280018
280012
279995
279990
279986
279976
279953
279927
279917
279910
279900
279891
279879
279861
279850
279847
279822
279801
279799
279775
279760
279748
279720
279699
279676
279648
279638
279626
279619
279602
279577
279561
279543
279543
279532
279519
279493
279491
279488
279477
279455
279453
279448
279433
279426
279418
279414
279403
279395
279379
279360
279354
279346
279324
279318
279313
279306
279294
279289
279284
279258
279245
279232
279206
279198
279185
279184
279157
279135
279125
279125
279110
279104
279086
279067
279049
279031
279008
278997
278993
278964
278950
278947
278922
278918
278908
278879
278864
278843
278820
278813
278812
278788
278766
278739
278719
278694
278679
278653
278649
278640
278631
278603
278583
278581
278555
278548
278531
278517
278512
278512
278494
278465
278463
278460
278434
278432
278417
278391
278391
278383
278379
278353
278333
278319
278307
278284
278271
278268
278245
278233
278208
278199
278192
278173
278150
278121
278117
278098
278091
278064
278046
278041
278013
278006
277994
277983
277966
277966
277957
277952
277931
277917
277900
277888
277862
277851
277840
277840
277816
277793
277764
277735
277710
277693
277672
277654
277625
277597
277571
277552
277543
277539
277539
277527
277524
277503
277503
277486
277477
277472
277459
277459
277445
277425
277422
277394
277388
277371
277350
277350
277334
277310
277294
277282
277279
277257
277256
277236
277214
277185
277171
277159
277140
277128
277109
277083
277059
277041
277017
277003
276993
276981
276972
276965
276943
276934
276916
276902
276901
276898
276897
276890
276865
276848
276824
276797
276783
276765
276744
276723
276702
276691
276675
276663
276635
276632
276628
276614
276606
276605
276599
276595
276575
276556
276533
276516
276497
276483
276474
276462
276447
276425
276403
276375
276371
276371
276368
276342
276329
276322
276309
276306
276282
276279
276261
276251
276235
276235
276210
276188
276182
276170
276168
276164
276142
276113
276110
276081
276066
276059
276039
276038
276034
276030
276018
276011
276005
275984
275956
275954
275950
275922
275911
275896
275880
275877
275871
275863
275848
275829
275821
275803
275792
275774
275754
275750
275733
275704
275679
275664
275644
275638
275636
275617
275598
275581
275565
275561
275561
275544
275537
275522
275514
275492
275489
275476
275473
275447
275424
275402
275384
275383
275370
275342
275327
275299
275298
275298
275293
275272
275252
275225
275220
275214
275195
275171
275161
275141
275139
275122
275113
275102
275075
275061
275061
275060
275046
275027
275007
275006
274988
274963
274949
274922
274922
274893
274868
274854
274853
274846
274824
274803
274783
274766
274740
274726
274698
274687
274675
274663
274635
274616
274606
274601
274584
274573
274564
274544
274526
274513
274497
274491
274464
274457
274438
274425
274414
274393
274389
274367
274357
274348
274337
274336
274322
274319
274315
274307
274280
274279
274252
274226
274212
274209
274205
274181
274160
274144
274118
274104
274082
274080
274054
274052
274027
274010
273983
273957
273955
273935
273908
273907
273885
273878
273862
273836
273825
273797
273794
273791
273762
273762
273751
273738
273724
273719
273698
273677
273667
273639
273611
273605
273604
273595
273582
273571
273557
273538
273517
273500
273473
273468
273447
273437
273436
273417
273393
273371
273370
273363
273353
273349
273346
273324
273315
273288
273267
273254
273252
273248
273229
273228
273200
273196
273189
273183
273169
273167
273141
273130
273113
273093
273091
273066
273051
273047
273020
272995
272975
272968
272948
272930
272930
272905
272889
272880
272872
272846
272845
272818
272803
272801
272786
272770
272742
272734
272714
272705
272705
272703
272696
272686
272682
272673
272673
272663
272659
272633
272617
272595
272588
272569
272551
272522
272516
272505
272496
272490
272480
272469
272450
272436
272419
272399
272372
272355
272346
272320
272298
272290
272281
272274
272272
272260
272254
272228
272221
272195
272176
272148
272126
272124
272102
272101
272096
272067
272056
272031
272027
272016
272009
271996
271970
271963
271961
271951
271944
271932
271921
271905
271878
271872
271854
271838
271827
271822
271821
271820
271794
271768
271759
271737
271718
271695
271679
271660
271656
271643
271625
271614
271600
271596
271592
271584
271564
271550
271549
271526
271500
271472
271469
271445
271445
271419
271413
271400
271383
271374
271355
271355
271335
271307
271285
271264
271244
271226
271198
271179
271175
271149
271131
271121
271118
271104
271081
271054
271029
271004
270979
270971
270971
270968
270959
270952
270943
270937
270911
270906
270887
270880
270852
270823
270808
270792
270779
270775
270774
270770
270768
270745
270726
270716
270715
270693
270675
270650
270649
270620
270599
270579
270579
270558
270537
270520
270491
270475
270474
270458
270445
270418
270409
270409
270384
270364
270347
270321
270312
270301
270276
270268
270263
270249
270221
270210
270194
270188
270159
270145
270116
270088
270060
270048
270037
270011
270002
269993
269968
269946
269940
269936
269924
269923
269910
269892
269885
269860
269855
269826
269823
269816
269801
269799
269780
269769
269744
269721
269720
269693
269680
269673
269645
269640
269623
269614
269614
269596
269582
269569
269569
269540
269521
269509
269505
269491
269486
269467
269465
269444
269419
269409
269387
269372
269366
269338
269320
269293
269269
269267
269243
269238
269227
269215
269214
269189
269172
269147
269131
269127
269105
269100
269100
269085
269065
269038
269033
269032
269023
269010
268989
268984
268962
268935
268920
268907
268886
268858
268847
268845
268822
268810
268798
268785
268768
268756
268729
268715
268687
268686
268661
268638
268619
268599
268582
268577
268560
268548
268538
268528
268519
268492
268474
268462
268444
268438
268421
268413
268393
268379
268376
268374
268356
268337
268309
268290
268274
268255
268244
268230
268229
268212
268198
268179
268154
268136
268109
268081
268078
268061
268048
268042
268031
268009
268002
267980
267964
267941
267933
267904
267890
267871
267851
267839
267835
267815
267815
267793
267783
267767
267756
267738
267718
267690
267672
267656
267648
267638
267619
267616
267598
267584
267572
267568
267548
267536
267507
267481
267479
267474
267445
267439
267421
267398
267372
267353
267328
267328
267310
267299
267297
267292
267278
267265
267238
267224
267221
267195
267172
267152
267144
267144
267115
267091
267077
267065
267051
267038
267013
267013
266999
266983
266967
266940
266920
266906
266884
266876
266848
266821
266814
266801
266775
266753
266734
266728
266700
266679
266669
266669
266651
266649
266642
266635
266634
266625
266615
266607
266604
266577
266570
266567
266547
266523
266510
266481
266458
266446
266444
266443
266417
266390
266363
266349
266334
266308
266303
266291
266277
266277
266264
266246
266223
266220
266205
266179
266157
266128
266126
266105
266076
266051
266031
266029
266004
265986
265957
265934
265915
265893
265884
265872
265845
265820
265819
265815
265805
265778
265753
265732
265715
265690
265665
265643
265615
265596
265594
265577
265575
265566
265550
265538
265514
265501
265485
265470
265447
265432
265413
265393
265385
265377
265359
265340
265313
265310
265282
265253
265247
265224
265218
265193
265191
265190
265162
265162
265155
265147
265129
265123
265104
265083
265064
265048
265036
265011
265004
264987
264972
264957
264956
264935
264926
264912
264908
264908
264884
264867
264842
264813
264797
264786
264785
264756
264727
264705
264678
264663
264648
264621
264601
264588
264579
264573
264572
264572
264561
264553
264529
264505
264503
264483
264458
264438
264428
264415
264413
264396
264386
264372
264349
264321
264293
264286
264273
264251
264236
264226
264199
264198
264193
264192
264186
264180
264156
264154
264137
264125
264120
264107
264087
264076
264074
264057
264035
264032
264020
263998
263987
263970
263953
263929
263922
263897
263876
263851
263845
263831
263831
263809
263798
263790
263773
263753
263738
263733
263705
263686
263658
263648
263639
263625
263605
263584
263579
263573
263567
263544
263543
263534
263520
263513
263494
263469
263445
263440
263425
263425
263406
263396
263370
263356
263348
263340
263340
263338
263314
263313
263311
263311
263296
263283
263266
263263
263256
263252
263225
263198
263172
263153
263133
263109
263106
263090
263089
263071
263071
263046
263037
263019
263017
262992
262967
262938
262923
262909
262905
262880
262876
262849
262839
262836
262829
262823
262818
262794
262771
262744
262720
262706
262699
262672
262667
262661
262634
262624
262595
262586
262560
262537
262530
262516
262497
262480
262467
262462
262445
262442
262421
262404
262396
262384
262368
262358
262357
262344
262329
262310
262300
262293
262277
262275
262253
262237
262211
262188
262183
262179
262176
262147
262118
262115
262089
262071
262068
262067
262042
262026
261998
261996
261981
261976
261961
261945
261925
261919
261901
261896
261891
261867
261860
261844
261827
261809
261791
261764
261763
261754
261752
261724
261723
261703
261693
261671
261642
261622
261617
261617
261606
261597
261596
261589
261569
261567
261549
261535
261529
261500
261496
261493
261464
261461
261445
261429
261401
261383
261359
261355
261343
261332
261313
261290
261265
261265
261247
261232
261226
261221
261202
261198
261180
261178
261159
261137
261133
261117
261104
261078
261062
261033
261009
260996
260969
260969
260963
260937
260916
260916
260899
260895
260875
260870
260861
260837
260808
260798
260790
260783
260769
260756
260752
260723
260705
260702
260681
260667
260640
260623
260594
260576
260576
260569
260545
260525
260497
260486
260466
260452
260434
260414
260409
260395
260377
260354
260327
260298
260279
260275
260260
260231
260226
260219
260219
260215
260191
260165
260143
260137
260111
260097
260094
260068
260064
260058
260031
260005
260001
260001
259990
259966
259957
259940
259923
259895
259869
259841
259823
259802
259802
259792
259782
259753
259751
259728
259722
259712
259702
259682
259675
259675
259672
259653
259643
259624
259595
259571
259554
259538
259520
259518
259518
259492
259464
259457
259434
259432
259413
259401
259386
259360
259342
259313
259300
259277
259258
259239
259237
259217
259214
259212
259183
259170
259158
259146
259129
259120
259117
259088
259072
259051
259025
259011
258986
258983
258958
258938
258935
258922
258917
258888
258886
258867
258853
258829
258804
258794
258785
258783
258782
258781
258756
258734
258720
258706
258699
258685
258668
258658
258637
258622
258608
258593
258588
258574
258567
258564
258542
258521
258499
258477
258461
258449
258423
258422
258411
258382
258376
258365
258364
258340
258318
258305
258282
258274
258267
258242
258226
258209
258208
258205
258187
258175
258153
258138
258119
258095
258073
258070
258050
258037
258028
258006
257994
257976
257956
257936
257931
257915
257895
257893
257877
257866
257848
257848
257829
257809
257793
257792
257779
257766
257737
257722
257722
257708
257686
257686
257665
257650
257641
257637
257616
257614
257598
257580
257551
257522
257499
257474
257466
257459
257449
257432
257413
257389
257365
257342
257340
257337
257331
257310
257288
257285
257283
257273
257252
257247
257239
257217
257208
257195
257173
257162
257148
257140
257119
257097
257087
257058
257044
257035
257014
257000
256989
256988
256964
256941
256917
256902
256892
256872
256863
256840
256840
256820
256802
256795
256771
256753
256741
256725
256709
256687
256667
256659
256657
256635
256622
256598
256575
256551
256541
256525
256504
256482
256469
256443
256437
256427
256398
256386
256364
256361
256351
256347
256345
256328
256325
256313
256308
256294
256277
256276
256276
256261
256239
256232
256205
256203
256203
256182
256167
256146
256140
256115
256107
256083
256064
256040
256021
256021
256011
256010
255987
255961
255941
255914
255914
255889
255881
255873
255864
255842
255830
255815
255793
255785
255767
255753
255738
255738
255709
255693
255684
255682
255662
255645
255622
255606
255601
255594
255587
255567
255567
255560
255550
255535
255532
255512
255511
255510
255482
255462
255454
255454
255428
255403
255391
255362
255359
255352
255332
255326
255321
255296
255275
255270
255255
255233
255217
255195
255189
255169
255158
255152
255129
255129
255115
255086
255072
255043
255042
255038
255035
255021
255000
255000
254990
254977
254971
254966
254953
254953
254951
254930
254917
254910
254891
254864
254838
254826
254823
254819
254813
254793
254773
254771
254746
254733
254724
254716
254691
254686
254666
254655
254632
254631
254623
254596
254594
254580
254552
254524
254517
254517
254505
254489
254485
254456
254433
254419
254395
254385
254371
254362
254338
254332
254329
254301
254295
254267
254265
254253
254236
254207
254179
254162
254153
254127
254112
254104
254100
254099
254093
254068
254061
254057
254037
254034
254017
254016
254003
254002
253980
253965
253942
253940
253925
253911
253886
253876
253868
253864
253851
253833
253831
253803
253798
253794
253781
253757
253743
253715
253688
253660
253653
253635
253619
253602
253586
253564
253545
253531
253526
253506
253493
253467
253447
253428
253422
253416
253406
253391
253387
253385
253361
253359
253348
253333
253325
253297
253281
253272
253268
253248
253243
253228
253224
253199
253180
253161
253143
253116
253102
253089
253082
253079
253067
253064
253043
253025
253013
252996
252984
252966
252944
252928
252913
252912
252893
252875
252848
252843
252833
252814
252803
252776
252753
252744
252739
252722
252695
252695
252675
252654
252635
252631
252629
252608
252596
252569
252564
252563
252546
252532
252520
252499
252480
252469
252445
252420
252420
252407
252404
252396
252387
252372
252356
252338
252328
252310
252285
252261
252242
252221
252221
252205
252189
252181
252181
252171
252143
252124
252118
252101
252089
252066
252052
252044
252029
252005
251992
251976
251952
251947
251924
251908
251897
251871
251842
251838
251825
251823
251795
251785
251756
251753
251737
251713
251702
251697
251670
251659
251657
251630
251607
251603
251576
251565
251561
251557
251549
251548
251538
251517
251517
251512
251497
251496
251490
251480
251467
251449
251420
251397
251385
251385
251365
251344
251324
251296
251283
251275
251268
251266
251251
251241
251220
251192
251166
251157
251129
251108
251107
251082
251057
251047
251033
251010
250999
250974
250963
250951
250949
250935
250911
250909
250888
250867
250841
250817
250803
250798
250783
250765
250749
250738
250712
250684
250676
250670
250642
250615
250591
250588
250565
250554
250554
250546
250543
250517
250514
250504
250489
250464
250454
250442
250441
250428
250417
250405
250377
250353
250352
250335
250316
250307
250281
250264
250238
250220
250220
250205
250183
250177
250151
250136
250124
250123
250111
250100
250098
250069
250050
250045
250024
250007
250007
249979
249977
249954
249930
249916
249916
249901
249886
249858
249835
249809
249796
249782
249770
249747
249723
249696
249691
249670
249648
249628
249620
249620
249601
249600
249590
249564
249544
249518
249507
249504
249501
249478
249476
249471
249458
249444
249425
249401
249376
249373
249369
249366
249344
249338
249325
249318
249303
249287
249261
249257
249250
249223
249195
249185
249180
249175
249167
249142
249136
249111
249109
249093
249066
249063
249050
249042
249042
249029
249005
248985
248957
248941
248929
248914
248899
248873
248869
248857
248834
248811
248802
248802
248787
248759
248743
248729
248713
248696
248693
248674
248649
248636
248613
248595
248586
248558
248534
248524
248522
248502
248493
248488
248464
248439
248425
248424
248419
248414
248391
248388
248371
248353
248345
248332
248308
248297
248296
248269
248251
248231
248223
248202
248174
248161
248146
248121
248116
248101
248075
248060
248050
248026
248024
248016
248001
247977
247974
247969
247956
247953
247932
247913
247902
247873
247871
247843
247815
247795
247769
247748
247733
247729
247729
247721
247712
247689
247680
247666
247657
247638
247622
247599
247585
247570
247562
247540
247534
247516
247502
247484
247483
247479
247464
247441
247416
247410
247409
247407
247406
247393
247369
247342
247327
247314
247299
247278
247249
247226
247211
247205
247176
247162
247161
247143
247119
247090
247073
247052
247035
247009
246985
246964
246961
246935
246911
246895
246878
246878
246872
246857
246856
246850
246834
246827
246814
246812
246798
246770
246745
246717
246693
246687
246668
246642
246619
246595
246583
246555
246537
246510
246483
246463
246461
246435
246427
246424
246419
246401
246398
246388
246376
246352
246346
246319
246302
246288
246285
246274
246262
246253
246252
246230
246206
246193
246188
246180
246167
246150
246128
246109
246107
246086
246062
246050
246027
246005
245976
245970
245955
245940
245919
245910
245881
245872
245860
245850
245846
245823
245822
245796
245780
245759
245741
245728
245712
245699
245694
245674
245666
245643
245642
245637
245625
245609
245594
245588
245561
245535
245525
245507
245480
245476
245467
245465
245444
245419
245418
245413
245412
245388
245367
245344
245333
245320
245294
245283
245271
245267
245254
245230
245209
245197
245178
245174
245157
245136
245132
245123
245118
245108
245102
245101
245077
245049
245047
245029
245014
244987
244969
244948
244935
244919
244890
244871
244867
244857
244841
244824
244821
244810
244789
244789
244774
244757
244754
244734
244720
244717
244706
244685
244682
244669
244662
244641
244617
244601
244593
244579
244558
244550
244547
244522
244493
244491
244462
244439
244435
244409
244387
244365
244355
244334
244306
244283
244258
244231
244216
244187
244169
244141
244141
244113
244090
244063
244034
244014
243990
243974
243960
243957
243945
243919
243913
243889
243873
243851
243822
243797
243787
243762
243736
243712
243701
243697
243677
243659
243651
243644
243642
243628
243608
243598
243588
243579
243561
243552
243538
243509
243503
243495
243468
243440
243411
243382
243373
243355
243332
243327
243320
243299
243289
243282
243276
243255
243239
243216
243207
243190
243161
243142
243130
243101
243095
243087
243064
243051
243022
243014
243002
242986
242964
242952
242939
242938
242938
242923
242917
242910
242891
242871
242857
242854
242829
242815
242815
242786
242786
242771
242770
242756
242733
242714
242700
242678
242661
242646
242624
242602
242592
242590
242561
242540
242519
242495
242495
242491
242484
242460
242439
242417
242394
242379
242365
242351
242346
242338
242324
242313
242302
242298
242294
242265
242253
242229
242209
242191
242187
242158
242154
242134
242111
242101
242072
242068
242056
242036
242033
242031
242025
242007
242007
241999
241972
241943
241939
241928
241908
241892
241886
241863
241841
241824
241817
241790
241771
241768
241757
241728
241712
241707
241686
241666
241663
241641
241641
241614
241593
241574
241567
241560
241557
241551
241535
241535
241523
241523
241516
241498
241473
241468
241457
241434
241412
241389
241362
241361
241354
241345
241324
241310
241284
241256
241227
241217
241213
241186
241177
241162
241145
241137
241125
241124
241099
241092
241089
241066
241058
241053
241048
241039
241016
241008
240989
240973
240973
240971
240949
240940
240925
240917
240898
240887
240878
240856
240846
240834
240807
240779
240755
240750
240730
240710
240689
240686
240676
240654
240645
240633
240613
240588
240560
240536
240520
240493
240483
240468
240447
240434
240413
240404
240382
240374
240347
240345
240331
240311
240289
240281
240280
240260
240241
240239
240238
240235
240235
240213
240206
240191
240173
240155
240151
240145
240142
240131
240102
240081
240065
240051
240045
240019
240019
240018
239997
239984
239965
239945
239920
239917
239904
239889
239872
239869
239865
239863
239853
239833
239824
239796
239782
239758
239744
239732
239723
239719
239714
239711
239685
239681
239660
239633
239627
239617
239610
239583
239560
239549
239528
239522
239501
239500
239477
239451
239447
239444
239435
239410
239408
239385
239367
239344
239343
239331
239316
239303
239281
239263
239249
239238
239234
239226
239217
239189
239187
239187
239187
239165
239143
239129
239102
239100
239075
239056
239043
239020
239019
239000
238996
238994
238988
238987
238962
238959
238950
238950
238933
238908
238905
238901
238874
238847
238836
238817
238805
238795
238793
238793
238776
238775
238756
238755
238755
238750
238740
238730
238727
238719
238698
238684
238675
238650
238643
238620
238610
238586
238577
238552
238532
238532
238519
238517
238491
238488
238484
238472
238452
238442
238441
238440
238428
238414
238404
238391
238366
238362
238333
238327
238324
238321
238315
238292
238287
238269
238249
238248
238227
238226
238213
238198
238196
238184
238164
238136
238131
238109
238083
238082
238080
238055
238055
238036
238030
238019
237998
237993
237973
237959
237956
237937
237914
237895
237890
237890
237890
237868
237859
237855
237849
237840
237827
237804
237792
237770
237765
237740
237714
237710
237706
237700
237690
237666
237642
237635
237620
237607
237584
237577
237577
237548
237533
237527
237524
237502
237496
237478
237460
237457
237440
237416
237400
237382
237366
237346
237330
237326
237322
237308
237303
237278
237259
237241
237224
237223
237215
237191
237179
237153
237124
237104
237085
237081
237079
237079
237078
237076
237075
237047
237037
237027
237011
236993
236976
236962
236962
236944
236936
236934
236908
236883
236883
236877
236848
236846
236846
236830
236807
236800
236780
236774
236771
236766
236743
236732
236715
236699
236670
236668
236647
236621
236614
236601
236572
236567
236546
236532
236516
236490
236464
236435
236409
236397
236390
236377
236368
236354
236337
236310
236292
236272
236259
236239
236222
236202
236192
236184
236170
236146
236146
236117
236096
236074
236074
236064
236042
236027
236007
235983
235956
235932
235916
235910
235881
235854
235841
235814
235798
235771
235753
235743
235730
235723
235718
235690
235690
235665
235653
235653
235631
235614
235610
235585
235558
235531
235509
235491
235491
235476
235476
235452
235434
235414
235402
235387
235359
235354
235330
235316
235291
235271
235249
235243
235226
235224
235220
235205
235189
235186
235183
235166
235148
235124
235106
235092
235071
235067
235048
235025
234997
234995
234992
234963
234943
234928
234926
234902
234875
234863
234838
234838
234819
234810
234784
234778
234766
234747
234735
234722
234720
234703
234677
234664
234639
234634
234623
234602
234600
234571
234566
234537
234513
234489
234470
234447
234429
234412
234409
234405
234396
234384
234371
234365
234362
234359
234341
234338
234329
234311
234305
234289
234275
234250
234237
234217
234189
234178
234171
234149
234143
234138
234133
234116
234103
234077
234050
234042
234013
234005
234000
233997
233972
233946
233925
233907
233901
233887
233880
233867
233861
233841
233813
233786
233772
233772
233753
233752
233732
233710
233700
233679
233679
233666
233645
233644
233641
233626
233621
233592
233583
233581
233559
233544
233530
233529
233519
233493
233482
233475
233462
233446
233417
233405
233400
233386
233380
233377
233358
233329
233313
233298
233280
233254
233233
233225
233217
233216
233187
233184
233157
233133
233122
233110
233106
233098
233080
233073
233053
233034
233025
233010
232982
232967
232961
232932
232915
232888
232864
232844
232825
232807
232803
232799
232790
232762
232740
232732
232713
232709
232706
232696
232681
232663
232655
232628
232621
232606
232603
232597
232587
232581
232581
232581
232573
232558
232546
232535
232510
232497
232474
232452
232431
232419
232392
232374
232372
232364
232346
232333
232323
232306
232280
232277
232252
232233
232210
232204
232189
232182
232173
232172
232159
232152
232125
232100
232075
232060
232047
232025
232020
232002
232002
232002
231983
231959
231946
231922
231907
231887
231887
231877
231866
231866
231841
231826
231813
231812
231805
231794
231766
231760
231752
231748
231723
231711
231704
231699
231682
231661
231640
231631
231631
231617
231595
231567
231546
231542
231540
231528
231510
231508
231495
231491
231472
231457
231430
231419
231402
231375
231354
231340
231314
231308
231287
231266
231243
231238
231223
231207
231184
231181
231181
231170
231144
231142
231137
231114
231104
231084
231075
231058
231031
231029
231002
230990
230976
230952
230939
230923
230896
230867
230843
230817
230810
230801
230781
230753
230740
230732
230726
230716
230703
230678
230675
230670
230668
230664
230642
230624
230620
230619
230596
230578
230554
230541
230522
230502
230481
230480
230477
230463
230460
230455
230430
230406
230382
230378
230368
230368
230345
230345
230336
230333
230317
230304
230285
230274
230248
230219
230205
230202
230173
230162
230162
230136
230123
230104
230101
230078
230076
230070
230048
230033
230033
230033
230012
230012
229989
229970
229969
229953
229928
229900
229889
229872
229871
229868
229849
229836
229807
229795
229779
229753
229744
229726
229702
229683
229657
229651
229646
229640
229616
229589
229589
229579
229577
229562
229562
229547
229529
229501
229492
229466
229453
229439
229428
229412
229406
229385
229363
229352
229325
229305
229298
229282
229254
229249
229239
229232
229221
229192
229192
229171
229156
229151
229126
229104
229101
229099
229082
229068
229063
229045
229034
229024
229006
228992
228966
228966
228945
228923
228923
228904
228894
228871
228870
228858
228852
228840
228820
228815
228795
228786
228779
228757
228748
228723
228697
228672
228651
228628
228611
228586
228570
228560
228558
228548
228542
228536
228524
228513
228493
228480
228457
228434
228428
228412
228399
228376
228375
228352
228325
228297
228277
228259
228257
228233
228204
228194
228170
228166
228150
228148
228123
228114
228107
228099
228093
228084
228080
228071
228057
228046
228027
228023
228001
227992
227969
227951
227946
227926
227899
227872
227852
227846
227825
227815
227798
227790
227769
227751
227735
227707
227697
227686
227684
227655
227641
227619
227596
227579
227556
227530
227525
227505
227492
227473
227460
227451
227424
227397
227387
227378
227366
227355
227353
227331
227329
227301
227292
227275
227255
227245
227244
227223
227202
227197
227177
227156
227150
227139
227127
227103
227086
227073
227065
227055
227049
227024
227015
227006
226984
226981
226961
226933
226929
226908
226908
226889
226873
226851
226833
226832
226808
226804
226789
226776
226768
226753
226731
226706
226685
226674
226647
226622
226598
226586
226560
226543
226540
226514
226501
226497
226480
226467
226439
226415
226397
226390
226387
226384
226361
226339
226324
226322
226296
226282
226258
226233
226212
226183
226177
226163
226160
226154
226129
226114
226090
226065
226056
226036
226028
226006
225998
225975
225957
225950
225921
225913
225905
225897
225897
225868
225863
225845
225834
225826
225800
225793
225792
225781
225779
225752
225751
225739
225737
225725
225716
225692
225669
225661
225651
225629
225629
225611
225584
225563
225554
225539
225514
225506
225498
225488
225483
225457
225448
225429
225422
225419
225395
225386
225384
225359
225346
225317
225298
225273
225255
225241
225229
225219
225213
225197
225194
225178
225171
225161
225152
225142
225126
225100
225077
225056
225042
225027
225022
225020
224999
224989
224967
224954
224946
224928
224908
224901
224879
224855
224850
224833
224824
224801
224780
224764
224762
224762
224749
224747
224718
224690
224665
224652
224625
224596
224577
224557
224537
224526
224512
224506
224482
224471
224458
224450
224438
224420
224418
224408
224395
224382
224378
224361
224360
224339
224328
224315
224296
224276
224254
224228
224211
224210
224195
224171
224167
224166
224166
224159
224140
224115
224108
224079
224077
224053
224046
224038
224023
224015
224000
223984
223980
223962
223949
223934
223918
223890
223883
223877
223855
223835
223826
223799
223774
223765
223753
223740
223733
223728
223706
223699
223685
223682
223668
223655
223645
223634
223612
223605
223591
223578
223572
223554
223527
223500
223483
223465
223463
223451
223444
223420
223413
223404
223395
223391
223391
223388
223379
223367
223349
223333
223329
223308
223303
223284
223275
223267
223247
223234
223225
223201
223198
223193
223178
223159
223159
223133
223125
223118
223094
223084
223072
223055
223051
223026
223009
222988
222983
222960
222951
222935
222909
222884
222867
222848
222841
222836
222816
222793
222769
222765
222741
222713
222700
222690
222681
222679
222659
222639
222618
222609
222607
222598
222591
222570
222565
222539
222531
222514
222504
222475
222468
222449
222448
222435
222409
222408
222394
222377
222375
222352
222346
222328
222315
222293
222267
222249
222243
222230
222223
222216
222212
222194
222166
222146
222145
222136
222135
222106
222104
222087
222073
222049
222021
221998
221993
221980
221952
221940
221938
221918
221889
221888
221865
221857
221842
221840
221822
221818
221818
221812
221801
221786
221784
221768
221756
221736
221727
221721
221705
221701
221691
221682
221672
221646
221631
221610
221598
221573
221555
221536
221529
221520
221496
221479
221470
221443
221420
221404
221385
221364
221344
221341
221317
221288
221265
221239
221211
221201
221175
221146
221123
221117
221110
221090
221061
221061
221051
221023
221003
220996
220994
220965
220950
220929
220911
220900
220875
220866
220841
220826
220823
220798
220789
220783
220781
220761
220755
220750
220730
220705
220690
220664
220650
220649
220629
220602
220588
220560
220554
220550
220535
220528
220509
220502
220494
220478
220477
220448
220436
220428
220425
220419
220414
220404
220376
220361
220352
220346
220318
220298
220292
220290
220266
220261
220257
220256
220246
220236
220211
220201
220200
220182
220175
220175
220168
220143
220128
220118
220111
220105
220087
220076
220052
220030
220029
220027
220015
220005
219992
219979
219972
219961
219944
219940
219932
219904
219901
219898
219886
219872
219847
219818
219811
219807
219782
219760
219736
219733
219707
219689
219687
219664
219661
219651
219633
219618
219618
219605
219582
219581
219558
219558
219548
219533
219504
219479
219464
219441
219426
219403
219386
219362
219346
219343
219324
219323
219303
219290
219269
219257
219257
219243
219217
219206
219193
219170
219142
219117
219094
219092
219083
219077
219060
219041
219032
219003
218999
218992
218982
218968
218958
218935
218919
218911
218885
218867
218839
218823
218795
218777
218758
218743
218741
218741
218737
218720
218708
218694
218693
218681
218675
218661
218640
218628
218628
218620
218599
218578
218552
218545
218518
218513
218509
218489
218489
218479
218478
218477
218477
218474
218470
218468
218453
218447
218425
218406
218379
218372
218368
218350
218326
218324
218314
218287
218258
218254
218230
218223
218213
218210
218201
218200
218171
218171
218155
218146
218117
218104
218093
218067
218038
218009
217985
217972
217972
217956
217946
217929
217923
217916
217905
217881
217873
217870
217868
217855
217855
217834
217810
217787
217772
217770
217751
217734
217713
217710
217690
217680
217670
217664
217642
217613
217603
217586
217582
217571
217553
217547
217518
217503
217484
217461
217441
217415
217397
217372
217357
217354
217335
217320
217303
217301
217300
217273
217247
217221
217208
217205
217188
217161
217150
217134
217132
217121
217100
217076
217068
217061
217055
217043
217027
217004
216999
216970
216969
216947
216922
216904
216886
216883
216859
216849
216840
216812
216805
216776
216772
216766
216742
216741
216732
216724
216706
216685
216666
216648
216639
216631
216606
216595
216586
216575
216558
216547
216534
216526
216526
216526
216497
216481
216460
216451
216444
216419
216398
216381
216381
216381
216372
216367
216341
216333
216316
216305
216298
216287
216264
216259
216259
216248
216239
216234
216224
216211
216192
216186
216158
216129
216108
216103
216090
216062
216049
216029
216000
215979
215952
215923
215919
215901
215889
215863
215837
215837
215822
215821
215799
215797
215792
215770
215766
215738
215725
215724
215722
215711
215693
215689
215672
215651
215627
215620
215619
215616
215588
215582
215558
215550
215534
215507
215485
215462
215457
215443
215439
215430
215408
215391
215363
215346
215339
215312
215289
215287
215282
215254
215234
215222
215216
215213
215187
215181
215170
215148
215139
215123
215115
215103
215090
215083
215059
215049
215037
215031
215023
215002
214977
214973
214973
214946
214930
214904
214887
214876
214855
214826
214806
214795
214774
214760
214739
214737
214709
214707
214703
214682
214676
214647
214618
214606
214577
214566
214560
214539
214537
214534
214523
214522
214504
214482
214480
214477
214466
214461
214432
214422
214411
214403
214383
214363
214353
214327
214298
214282
214279
214255
214251
214242
214239
214235
214214
214206
214188
214180
214159
214157
214134
214114
214106
214084
214079
214063
214059
214030
214001
213979
213950
213941
213925
213899
213876
213865
213853
213826
213806
213781
213764
213737
213724
213704
213698
213698
213692
213687
213671
213664
213638
213619
213597
213596
213589
213577
213567
213555
213530
213512
213487
213465
213465
213439
213420
213411
213385
213381
213362
213361
213353
213330
213329
213328
213308
213308
213283
213261
213261
213252
213247
213230
213216
213193
213192
213173
213151
213141
213113
213105
213084
213079
213077
213074
213063
213062
213054
213032
213006
212982
212974
212964
212953
212953
212951
212944
212916
212916
212907
212900
212878
212874
212847
212827
212802
212784
212774
212756
212742
212713
212712
212710
212709
212683
212678
212673
212649
212634
212610
212592
212587
212575
212563
212547
212529
212509
212506
212504
212477
212469
212463
212460
212452
212447
212432
212405
212401
212385
212361
212341
212312
212305
212277
212255
212245
212240
212225
212207
212193
212189
212163
212162
212146
212128
212128
212104
212085
212079
212050
212050
212033
212025
212024
212018
211991
211983
211965
211940
211925
211911
211900
211885
211882
211864
211842
211820
211791
211773
211747
211718
211691
211679
211660
211639
211610
211602
211575
211573
211558
211547
211527
211501
211493
211487
211474
211454
211440
211419
211411
211389
211382
211377
211357
211339
211337
211320
211320
211296
211281
211260
211257
211246
211239
211222
211200
211195
211191
211187
211161
211139
211114
211085
211065
211056
211052
211035
211014
210993
210976
210949
210947
210941
210935
210922
210903
210903
210893
210871
210846
210832
210822
210813
210797
210788
210762
210744
210733
210709
210696
210670
210662
210633
210626
210602
210584
210567
210555
210527
210499
210486
210472
210449
210423
210395
210370
210345
210337
210332
210317
210298
210280
210258
210231
210222
210214
210205
210181
210163
210144
210125
210097
210074
210047
210030
210015
209993
209987
209970
209946
209941
209926
209908
209889
209880
209878
209849
209847
209843
209815
209803
209774
209769
209757
209732
209720
209693
209680
209669
209658
209637
209637
209608
209603
209599
209597
209576
209556
209544
209527
209514
209492
209474
209459
209455
209455
209426
209426
209412
209388
209371
209359
209343
209323
209315
209297
209275
209268
209267
209249
209249
209228
209227
209216
209200
209190
209165
209140
209122
209113
209106
209100
209082
209072
209043
209041
209024
208996
208986
208985
208965
208964
208964
208946
208943
208922
208897
208893
208875
208861
208855
208835
208824
208823
208816
208808
208798
208787
208765
208739
208713
208693
208678
208664
208645
208641
208622
208621
208605
208592
208577
208554
208527
208503
208475
208453
208425
208407
208393
208392
208383
208364
208358
208358
208346
208321
208302
208286
208268
208249
208241
208213
208191
208183
208177
208157
208131
208119
208105
208081
208081
208064
208041
208028
208009
207992
207981
207964
207951
207949
207946
207923
207914
207908
207897
207882
207858
207835
207808
207786
207763
207751
207724
207718
207689
207676
207672
207644
207640
207638
207634
207625
207615
207593
207590
207579
207566
207543
207532
207529
207522
207518
207507
207485
207466
207463
207439
207422
207410
207397
207371
207371
207350
207345
207318
207311
207303
207294
207268
207267
207261
207245
207229
207226
207214
207188
207161
207161
207155
207127
207098
207083
207072
207056
207052
207042
207036
207030
207017
207000
206976
206949
206937
206935
206908
206895
206880
206874
206857
206831
206813
206802
206800
206774
206745
206724
206716
206693
206686
206657
206637
206617
206614
206596
206591
206591
206583
206578
206577
206568
206563
206535
206516
206511
206500
206479
206475
206467
206448
206419
206403
206383
206377
206362
206340
206335
206314
206301
206276
206261
206252
206245
206223
206196
206177
206174
206146
206133
206119
206111
206091
206078
206068
206051
206031
206004
205992
205973
205949
205939
205923
205918
205892
205866
205847
205828
205806
205781
205757
205742
205732
205732
205726
205721
205696
205685
205661
205652
205647
205629
205629
205615
205612
205590
205580
205576
205563
205539
205531
205514
205508
205490
205482
205477
205465
205463
205458
205442
205416
205407
205404
205394
205384
205384
205369
205361
205360
205355
205337
205316
205314
205295
205277
205261
205241
205221
205211
205192
205177
205152
205139
205137
205132
205131
205104
205077
205054
205045
205028
205015
205009
204987
204963
204937
204936
204926
204914
204893
204878
204859
204858
204832
204805
204792
204767
204741
204720
204697
204671
204665
204656
204636
204615
204612
204607
204604
204604
204595
204588
204575
204547
204543
204519
204515
204492
204468
204468
204466
204465
204459
204438
204416
204396
204386
204383
204383
204366
204337
204329
204318
204306
204283
204258
204230
204218
204197
204196
204169
204152
204130
204110
204099
204094
204076
204060
204035
204011
203986
203976
203970
203943
203923
203897
203897
203870
203844
203827
203823
203804
203804
203797
203785
203770
203745
203730
203727
203723
203704
203685
203678
203650
203637
203619
203596
203570
203543
203535
203513
203511
203499
203498
203484
203476
203465
203440
203430
203413
203404
203390
203369
203360
203354
203332
203314
203314
203288
203272
203265
203241
203227
203217
203206
203202
203178
203149
203142
203113
203089
203063
203048
203034
203026
203013
202991
202971
202948
202940
202916
202910
202882
202877
202872
202851
202827
202814
202790
202765
202756
202755
202749
202746
202725
202698
202683
202662
202647
202622
202612
202604
202577
202561
202556
202548
202522
202513
202509
202496
202493
202477
202455
202435
202409
202387
202371
202345
202336
202331
202321
202317
202299
202294
202287
202264
202250
202224
202201
202196
202187
202175
202168
202161
202156
202144
202140
202128
202099
202073
202053
202025
201999
201993
201966
201964
201938
201923
201903
201877
201857
201834
201828
201801
201798
201783
201767
201749
201743
201735
201734
201723
201719
201703
201681
201681
201666
201647
201630
201630
201621
201597
201586
201560
201558
201556
201551
201539
201514
201497
201475
201461
201440
201416
201398
201396
201390
201387
201381
201377
201359
201350
201332
201325
201312
201283
201279
201276
201272
201262
201242
201233
201230
201203
201192
201187
201182
201154
201133
201131
201121
201094
201082
201078
201075
201075
201061
201039
201026
201003
200984
200956
200945
200937
200925
200899
200870
200868
200859
200838
200831
200830
200829
200820
200809
200804
200795
200792
200792
200788
200763
200752
200730
200729
200706
200700
200687
200674
200648
200620
200603
200601
200575
200554
200526
200526
200522
200512
200499
200477
200448
200427
200403
200384
200376
200368
200364
200344
200321
200293
200284
200276
200264
200240
200213
200207
200185
200158
200130
200106
200088
200070
200045
200038
200027
200002
199978
199970
199949
199948
199930
199922
199902
199883
199861
199836
199816
199793
199787
199784
199768
199739
199728
199708
199700
199677
199657
199654
199649
199620
199607
199589
199561
199551
199541
199541
199539
199515
199495
199485
199466
199456
199450
199450
199428
199407
199390
199377
199374
199361
199344
199329
199312
199287
199266
199266
199245
199235
199229
199217
199205
199177
199150
199128
199119
199115
199091
199081
199056
199052
199050
199036
199014
199013
198991
198977
198974
198952
198952
198924
198908
198888
198880
198866
198844
198838
198826
198806
198799
198792
198782
198758
198736
198711
198682
198678
198655
198628
198612
198592
198570
198568
198549
198529
198517
198502
198496
198489
198466
198442
198417
198417
198407
198379
198354
198346
198334
198326
198319
198295
198273
198255
198232
198212
198196
198178
198151
198131
198102
198080
198055
198051
198049
198034
198013
197997
197986
197966
197939
197939
197931
197922
197893
197881
197866
197854
197851
197850
197823
197794
197793
197767
197762
197756
197738
197728
197718
197717
197709
197701
197673
197668
197668
197656
197649
197625
197596
197578
197550
197536
197525
197502
197493
197475
197460
197453
197428
197400
197396
197370
197365
197355
197352
197350
197328
197304
197288
197267
197248
197229
197211
197183
197181
197171
197167
197164
197151
197148
197147
197134
197129
197111
197108
197085
197071
197042
197016
196995
196989
196989
196982
196971
196964
196935
196918
196914
196912
196912
196905
196889
196864
196846
196843
196841
196838
196813
196812
196796
196783
196781
196756
196756
196740
196734
196706
196687
196661
196651
196646
196627
196625
196601
196595
196591
196580
196568
196540
196533
196524
196520
196510
196483
196473
196460
196432
196426
196408
196388
196380
196378
196351
196350
196345
196343
196329
196315
196295
196271
196253
196245
196241
196221
196208
196183
196162
196148
196125
196101
196083
196067
196039
196027
196003
195987
195975
195953
195949
195947
195937
195909
195904
195890
195889
195875
195865
195842
195823
195806
195796
195778
195777
195774
195772
195770
195751
195739
195739
195727
195724
195721
195716
195696
195675
195664
195656
195634
195623
195600
195574
195568
195549
195541
195538
195516
195509
195503
195477
195474
195455
195437
195415
195386
195374
195348
195348
195326
195315
195288
195281
195253
195240
195226
195212
195199
195183
195171
195156
195150
195147
195118
195091
195066
195054
195028
195022
195018
194992
194967
194966
194937
194925
194899
194892
194864
194847
194822
194807
194783
194782
194770
194755
194731
194713
194684
194664
194649
194640
194613
194593
194566
194548
194548
194525
194513
194498
194478
194477
194472
194470
194461
194446
194446
194417
194404
194399
194381
194378
194360
194334
194313
194290
194271
194243
194228
194212
194194
194183
194164
194139
194123
194101
194088
194061
194060
194034
194008
193992
193971
193956
193948
193931
193923
193910
193901
193887
193868
193865
193843
193830
193810
193782
193760
193757
193736
193717
193710
193682
193668
193649
193637
193619
193610
193597
193573
193571
193545
193527
193510
193509
193502
193481
193455
193451
193446
193422
193394
193371
193355
193335
193325
193306
193297
193275
193252
193243
193243
193229
193227
193221
193216
193187
193187
193170
193159
193137
193119
193103
193088
193086
193057
193043
193025
193001
192984
192959
192950
192941
192926
192905
192899
192894
192873
192865
192840
192835
192824
192815
192795
192791
192791
192764
192738
192709
192693
192680
192660
192635
192616
192598
192575
192547
192528
192513
192486
192458
192441
192429
192407
192380
192370
192356
192356
192333
192312
192290
192281
192273
192265
192250
192246
192231
192221
192198
192189
192173
192170
192156
192136
192135
192126
192118
192094
192066
192046
192046
192028
192006
191984
191969
191945
191919
191894
191892
191888
191879
191852
191829
191803
191774
191757
191741
191736
191729
191722
191720
191716
191691
191684
191660
191636
191626
191606
191592
191570
191566
191547
191523
191499
191473
191471
191471
191452
191450
191424
191407
191391
191363
191359
191332
191317
191302
191297
191287
191278
191249
191244
191240
191234
191225
191208
191191
191186
191165
191137
191118
191096
191073
191049
191038
191035
191011
190990
190983
190957
190931
190906
190895
190873
190871
190861
190860
190842
190831
190820
190800
190774
190763
190755
190727
190718
190693
190685
190676
190651
190630
190617
190601
190583
190570
190557
190545
190532
190529
190525
190519
190496
190490
190484
190477
190464
190448
190422
190413
190408
190406
190391
190368
190341
190329
190327
190323
190322
190302
190282
190257
190229
190219
190214
190213
190197
190184
190158
190140
190135
190125
190097
190077
190061
190036
190009
189999
189974
189973
189963
189963
189947
189930
189919
189914
189902
189902
189886
189869
189846
189825
189797
189791
189774
189763
189747
189730
189711
189684
189657
189628
189609
189584
189568
189555
189555
189555
189530
189510
189490
189476
189451
189422
189415
189394
189371
189349
189320
189310
189284
189272
189258
189252
189235
189213
189213
189203
189195
189177
189171
189169
189157
189138
189123
189113
189101
189080
189060
189052
189049
189047
189042
189042
189030
189006
189001
188996
188993
188965
188953
188943
188941
188918
188891
188867
188862
188858
188831
188829
188821
188793
188772
188761
188740
188739
188713
188711
188710
188682
188674
188670
188644
188626
188605
188581
188564
188564
188542
188539
188510
188487
188461
188459
188442
188420
188399
188375
188352
188336
188310
188299
188270
188249
188227
188218
188212
188188
188179
188150
188149
188121
188111
188092
188088
188080
188054
188029
188026
188000
187996
187984
187978
187952
187952
187940
187940
187915
187914
187889
187864
187840
187814
187798
187793
187790
187787
187778
187755
187743
187743
187735
187725
187708
187681
187679
187655
187647
187645
187644
187637
187614
187611
187604
187579
187554
187536
187534
187519
187495
187489
187467
187448
187426
187415
187403
187386
187366
187352
187332
187315
187305
187280
187275
187265
187256
187229
187206
187198
187198
187170
187145
187118
187116
187090
187073
187060
187040
187030
187005
186998
186996
186995
186991
186986
186976
186957
186941
186929
186907
186888
186863
186844
186840
186838
186816
186806
186780
186768
186739
186733
186709
186701
186696
186686
186683
186667
186644
186638
186611
186601
186581
186553
186549
186526
186514
186498
186489
186469
186468
186468
186454
186446
186442
186418
186418
186407
186389
186361
186356
186336
186311
186289
186275
186275
186250
186245
186226
186226
186208
186195
186167
186150
186131
186130
186116
186114
186101
186087
186080
186060
186045
186033
186031
186003
185981
185973
185955
185952
185948
185928
185928
185904
185894
185867
185844
185828
185814
185790
185788
185779
185758
185744
185717
185708
185697
185690
185661
185655
185637
185636
185629
185601
185586
185584
185581
185573
185551
185524
185524
185523
185515
185512
185500
185471
185452
185435
185426
185409
185398
185381
185355
185349
185346
185327
185323
185299
185277
185259
185248
185227
185216
185210
185184
185171
185166
185157
185135
185120
185103
185077
185061
185058
185042
185036
185030
185005
184982
184976
184968
184950
184928
184909
184892
184880
184859
184851
184832
184813
184791
184780
184764
184746
184723
184709
184701
184699
184694
184686
184669
184658
184640
184620
184599
184594
184587
184558
184530
184526
184507
184502
184474
184445
184428
184405
184390
184386
184377
184361
184335
184322
184295
184280
184270
184245
184242
184221
184200
184195
184187
184176
184170
184158
184156
184143
184132
184103
184076
184065
184047
184029
184020
184009
184006
183992
183973
183957
183931
183910
183894
183879
183871
183845
183816
183796
183773
183751
183731
183703
183690
183676
183647
183622
183602
183575
183565
183537
183516
183504
183495
183470
183457
183449
183437
183419
183414
183399
183385
183356
183330
183301
183286
183269
183250
183232
183215
183196
183193
183185
183170
183156
183138
183114
183097
183074
183056
183049
183038
183032
183030
183027
183027
183012
182998
182990
182990
182968
182964
182959
182958
182950
182939
182923
182898
182883
182859
182833
182812
182791
182784
182780
182767
182738
182733
182724
182715
182700
182684
182659
182657
182629
182609
182584
182575
182573
182568
182540
182537
182513
182512
182505
182478
182457
182435
182418
182391
182379
182363
182349
182321
182297
182296
182268
182245
182229
182220
182209
182194
182167
182138
182121
182092
182088
182065
182060
182037
182013
182006
181993
181965
181961
181934
181914
181911
181904
181885
181861
181835
181829
181816
181788
181763
181748
181724
181698
181679
181671
181649
181644
181641
181617
181616
181611
181584
181562
181555
181531
181523
181503
181483
181468
181466
181440
181424
181403
181383
181368
181364
181351
181326
181318
181303
181291
181269
181257
181246
181235
181211
181184
181177
181162
181137
181130
181118
181097
181076
181055
181033
181028
181019
181008
180990
180981
180966
180956
180953
180932
180905
180884
180883
180860
180836
180815
180808
180803
180788
180786
180776
180753
180748
180725
180707
180691
180675
180668
180658
180631
180609
180583
180560
180555
180555
180554
180525
180497
180468
180455
180449
180440
180421
180415
180391
180387
180363
180354
180341
180333
180305
180297
180276
180260
180237
180226
180209
180195
180181
180166
180147
180134
180117
180097
180080
180061
180055
180036
180021
180014
180011
179999
179986
179970
179943
179940
179929
179926
179901
179889
179873
179848
179829
179821
179814
179797
179788
179760
179758
179735
179726
179717
179688
179677
179673
179646
179634
179617
179608
179595
179587
179587
179560
179551
179549
179536
179533
179533
179523
179511
179486
179463
179463
179457
179450
179433
179418
179412
179388
179375
179354
179326
179311
179310
179286
179283
179277
179263
179260
179249
179223
179195
179174
179163
179157
179130
179104
179084
179078
179064
179040
179021
179008
179003
178975
178964
178947
178930
178915
178910
178889
178873
178856
178847
178825
178819
178806
178793
178764
178754
178754
178730
178714
178705
178685
178659
178659
178646
178619
178602
178576
178568
178540
178523
178519
178494
178468
178441
178416
178391
178363
178354
178329
178310
178306
178279
178278
178259
178231
178230
178214
178211
178192
178172
178152
178137
178129
178118
178095
178092
178082
178065
178044
178016
177992
177978
177974
177960
177958
177944
177942
177938
177912
177912
177885
177871
177860
177838
177820
177798
177776
177769
177744
177715
177693
177684
177679
177661
177635
177621
177608
177582
177560
177548
177539
177511
177482
177471
177462
177448
177434
177428
177414
177400
177387
177368
177353
177337
177316
177298
177278
177266
177248
177231
177202
177187
177187
177171
177150
177140
177138
177133
177113
177103
177094
177070
177048
177047
177044
177032
177010
177009
176994
176970
176957
176945
176920
176906
176896
176889
176861
176845
176831
176819
176809
176781
176754
176744
176715
176712
176701
176678
176658
176634
176633
176625
176625
176601
176572
176568
176556
176551
176534
176510
176497
176482
176471
176446
176428
176423
176400
176397
176385
176363
176362
176360
176350
176337
176315
176301
176279
176254
176251
176230
176210
176201
176196
176191
176191
176175
176159
176153
176125
176122
176097
176093
176068
176065
176039
176023
176021
176020
176005
175990
175981
175979
175969
175940
175923
175913
175892
175884
175875
175857
175854
175854
175846
175821
175794
175773
175769
175746
175735
175718
175708
175688
175659
175634
175620
175600
175571
175562
175549
175537
175516
175491
175488
175481
175453
175451
175429
175420
175414
175409
175404
175402
175388
175382
175363
175362
175349
175322
175319
175302
175290
175284
175284
175258
175242
175240
175220
175218
175218
175198
175178
175152
175150
175142
175138
175123
175099
175088
175079
175052
175046
175038
175026
175000
174971
174956
174955
174933
174925
174899
174892
174878
174850
174832
174819
174804
174797
174789
174762
174758
174744
174724
174715
174707
174706
174695
174671
174659
174644
174641
174638
174618
174601
174582
174570
174546
174546
174517
174516
174488
174461
174437
174410
174385
174385
174380
174364
174346
174343
174320
174293
174282
174274
174274
174267
174263
174245
174239
174215
174194
174191
174170
174158
174152
174125
174107
174080
174078
174071
174048
174037
174008
173981
173958
173929
173903
173876
173848
173845
173843
173816
173800
173778
173770
173752
173726
173713
173687
173675
173649
173623
173613
173610
173601
173601
173596
173581
173573
173552
173529
173524
173520
173506
173478
173471
173449
173434
173421
173393
173388
173360
173343
173336
173326
173310
173288
173288
173259
173248
173241
173219
173201
173181
173155
173146
173121
173120
173092
173070
173052
173039
173033
173017
172997
172993
172992
172969
172957
172942
172933
172920
172893
172870
172861
172853
172844
172843
172815
172789
172775
172770
172753
172746
172725
172709
172706
172681
172661
172640
172640
172627
172600
172571
172545
172530
172526
172503
172491
172485
172479
172466
172466
172462
172459
172451
172429
172411
172405
172381
172376
172356
172327
172306
172279
172257
172240
172224
172213
172185
172158
172150
172131
172116
172107
172097
172089
172065
172042
172040
172016
172012
171995
171990
171980
171958
171951
171950
171939
171923
171913
171910
171902
171889
171878
171863
171851
171825
171817
171797
171780
171757
171754
171752
171741
171717
171690
171686
171663
171648
171625
171618
171596
171570
171561
171536
171510
171481
171452
171448
171439
171411
171406
171378
171364
171346
171317
171307
171284
171276
171271
171253
171248
171222
171198
171196
171180
171176
171155
171139
171131
171124
171111
171092
171090
171090
171064
171043
171019
170997
170997
170993
170967
170965
170958
170929
170900
170885
170882
170880
170876
170866
170837
170814
170797
170780
170756
170752
170723
170700
170698
170678
170652
170649
170648
170619
170601
170600
170591
170583
170554
170544
170544
170517
170517
170503
170482
170464
170449
170440
170439
170420
170397
170378
170377
170364
170362
170347
170328
170301
170281
170275
170262
170249
170231
170214
170202
170175
170175
170163
170150
170122
170101
170073
170066
170039
170014
170005
169989
169978
169960
169958
169940
169923
169901
169882
169875
169870
169857
169841
169820
169820
169805
169784
169782
169765
169761
169750
169735
169713
169693
169682
169666
169664
169638
169621
169602
169590
169588
169569
169558
169548
169523
169521
169514
169494
169476
169447
169420
169414
169389
169374
169366
169357
169350
169332
169304
169287
169277
169267
169257
169246
169221
169213
169200
169191
169172
169165
169158
169150
169141
169140
169121
169115
169090
169087
169066
169048
169020
168995
168982
168970
168955
168938
168922
168910
168891
168864
168851
168832
168818
168810
168784
168777
168755
168747
168746
168721
168699
168672
168655
168642
168620
168616
168612
168587
168587
168576
168549
168524
168511
168509
168502
168489
168467
168450
168447
168445
168436
168431
168429
168401
168382
168378
168362
168339
168310
168281
168277
168257
168239
168214
168208
168197
168197
168189
168167
168149
168125
168124
168123
168096
168081
168052
168023
168013
168008
168002
167975
167969
167960
167948
167922
167908
167908
167899
167893
167874
167872
167866
167839
167826
167807
167797
167786
167782
167754
167727
167719
167701
167688
167663
167656
167628
167609
167605
167597
167595
167578
167561
167537
167527
167503
167488
167487
167471
167469
167453
167428
167422
167402
167398
167375
167353
167330
167302
167293
167288
167272
167264
167263
167248
167236
167218
167206
167195
167184
167160
167131
167104
167099
167088
167078
167057
167035
167013
166987
166960
166940
166912
166912
166892
166863
166837
166819
166809
166802
166798
166794
166776
166756
166728
166713
166696
166672
166661
166650
166630
166623
166612
166599
166593
166582
166582
166571
166550
166525
166511
166489
166469
166462
166446
166445
166420
166409
166384
166373
166372
166361
166338
166326
166311
166299
166280
166265
166255
166255
166233
166219
166199
166189
166163
166151
166150
166121
166110
166090
166090
166079
166079
166068
166040
166026
166005
165997
165996
165985
165973
165957
165957
165930
165912
165883
165863
165857
165846
165827
165805
165788
165763
165747
165745
165743
165736
165729
165723
165696
165683
165659
165649
165632
165603
165599
165590
165590
165567
165567
165545
165536
165528
165518
165515
165501
165487
165482
165465
165453
165438
165430
165430
165430
165424
165422
165399
165396
165367
165365
165352
165328
165317
165304
165287
165269
165241
165213
165191
165171
165154
165154
165142
165137
165135
165129
165109
165080
165059
165031
165027
165015
164992
164987
164977
164977
164956
164946
164930
164903
164888
164872
164860
164847
164821
164810
164793
164791
164767
164758
164745
164723
164701
164692
164681
164655
164639
164639
164632
164605
164603
164585
164578
164554
164554
164536
164516
164508
164495
164492
164469
164448
164444
164430
164401
164377
164366
164350
164334
164307
164295
164275
164259
164249
164232
164231
164208
164200
164177
164164
164164
164138
164124
164097
164084
164066
164059
164033
164015
164010
163987
163963
163936
163912
163895
163883
163877
163862
163843
163818
163793
163784
163764
163757
163746
163731
163708
163708
163684
163682
163658
163649
163629
163623
163595
163582
163568
163554
163537
163525
163519
163512
163485
163482
163478
163462
163458
163453
163441
163439
163422
163394
163388
163373
163346
163319
163305
163282
163263
163253
163244
163236
163222
163207
163206
163193
163182
163153
163152
163139
163130
163101
163087
163083
163073
163067
163044
163043
163043
163014
162985
162965
162951
162938
162933
162916
162906
162897
162888
162866
162840
162834
162818
162800
162782
162766
162738
162733
162731
162709
162707
162683
162666
162661
162659
162659
162643
162643
162643
162614
162591
162580
162578
162557
162541
162534
162522
162521
162505
162504
162488
162459
162441
162435
162428
162417
162408
162407
162395
162380
162374
162353
162341
162320
162316
162294
162266
162258
162231
162213
162213
162184
162172
162156
162154
162127
162127
162100
162077
162061
162039
162025
162002
161996
161990
161976
161966
161953
161941
161937
161928
161922
161896
161872
161863
161857
161845
161822
161818
161797
161794
161783
161774
161764
161763
161743
161736
161729
161710
161681
161655
161634
161611
161593
161575
161559
161549
161547
161518
161491
161482
161453
161450
161441
161420
161391
161389
161373
161344
161317
161310
161285
161263
161245
161237
161226
161215
161209
161184
161184
161156
161148
161127
161111
161099
161097
161081
161056
161034
161009
160980
160965
160964
160937
160913
160884
160881
160870
160847
160828
160800
160794
160775
160753
160744
160741
160718
160695
160694
160685
160684
160660
160632
160609
160587
160566
160552
160551
160522
160515
160486
160461
160438
160435
160427
160420
160404
160394
160381
160356
160345
160322
160294
160285
160276
160276
160256
160252
160235
160212
160211
160210
160190
160175
160170
160148
160129
160106
160098
160073
160062
160035
160033
160011
159998
159990
159971
159955
159941
159937
159933
159917
159913
159900
159882
159855
159843
159843
159820
159798
159792
159786
159786
159761
159757
159742
159716
159713
159712
159704
159684
159673
159673
159654
159627
159601
159585
159569
159545
159529
159521
159518
159493
159487
159460
159459
159434
159424
159412
159383
159379
159353
159342
159313
159301
159273
159253
159232
159207
159204
159176
159174
159169
159157
159143
159132
159126
159114
159092
159063
159060
159058
159056
159050
159043
159014
158998
158995
158972
158947
158920
158916
158890
158876
158864
158861
158855
158849
158835
158831
158826
158807
158781
158780
158752
158744
158731
158725
158705
158688
158665
158661
158655
158654
158634
158610
158603
158592
158591
158573
158565
158546
158544
158524
158524
158509
158504
158502
158474
158463
158449
158446
158442
158424
158417
158407
158385
158371
158344
158315
158315
158315
158302
158301
158277
158272
158270
158247
158231
158221
158201
158187
158162
158158
158157
158135
158130
158112
158084
158070
158041
158033
158025
158016
158007
157996
157967
157953
157945
157944
157931
157920
157920
157917
157899
157883
157882
157878
157856
157849
157831
157811
157794
157782
157780
157769
157758
157739
157733
157706
157701
157677
157651
157627
157615
157615
157600
157600
157590
157585
157583
157572
157553
157548
157525
157503
157489
157477
157468
157463
157461
157436
157434
157432
157405
157383
157355
157352
157324
157310
157295
157286
157269
157245
157243
157235
157209
157181
157172
157161
157154
157147
157138
157129
157114
157114
157102
157078
157077
157072
157060
157051
157039
157020
156992
156985
156974
156952
156942
156940
156927
156899
156889
156864
156845
156843
156839
156825
156807
156782
156758
156743
156721
156713
156690
156679
156650
156649
156647
156645
156639
156629
156626
156611
156603
156586
156580
156564
156545
156544
156529
156505
156489
156482
156468
156443
156418
156401
156393
156378
156369
156348
156330
156317
156291
156266
156245
156219
156190
156181
156171
156153
156130
156105
156082
156053
156041
156034
156011
155992
155976
155961
155951
155937
155918
155899
155872
155869
155845
155836
155835
155833
155812
155795
155787
155782
155776
155757
155744
155727
155724
155705
155685
155678
155654
155654
155625
155620
155597
155585
155557
155544
155528
155518
155499
155490
155474
155462
155436
155424
155400
155399
155388
155383
155372
155354
155334
155328
155304
155300
155288
155268
155249
155220
155210
155198
155175
155167
